100 6
   50510    56357    26267    74580   -59522        0 
   70937   -68000   -31179    23664    50534    11990 
   47992   -53482        0   	  0	   0   	    0 
  -88309   -41416    80576   -76943        0   	    0 
  -74106    35608    61241   -57677   -67760   -44933 
  -94400   -59260    -9306   -21657     8051   -61798 
      10    56493    83684    -9880    40415    15135 
    9438   -59946     2130   -15454        0        0 
   87431    10741    -7054      462   -27633    -9118 
    1753    85460    80838   -76528     6112    83828 
   41353   -50215    90348   -74651    16518    73262 
   74284   -94238    47031    29586   -71411    -7304 
   64699   -58878    36659     9951   -58340    55890 
     190   -42820    48638    21851    -6158   -41191 
  -52149    18325   -34880   -92162    42165    86743 
   42803        0        0        0        0        0 
   41438    12940       10   -33489    73965   -66903 
  -10147    24777    59162   -47489     8214     3108 
   31517   -36402    11000    30212    83000    32738 
  -29988   -84833    50745    29150   -43506    13205 
   65447     4633   -46780        0        0        0 
   81148    -5881   -57263   -38343    21199    23908 
   91264    49189    23338   -37438   -55792    11503 
  -82517   -97221   -56198    62049    62526        0 
    6550   -39744    12070   -32397    49414    38105 
   60332    77890        0        0        0        0 
  -13389   -31291    -4127   -12056    54385    71130 
   48156    86143     1466   -86675   -32496    77923 
   86662        0        0        0        0        0 
  -15137     6210    63809   -52330   -13572   -25888 
  -79074    76838   -93480    27090     -437    -4552 
   14303    53365   -39848   -68536    32624    73564 
   84791        0   -97072    13402    79554    20420 
  -77706   -69529   -22958   -40174    96987    26617 
  -46859   -24525    -2604   -92269   -56688    85758 
  -84012   -46258     5753   -69305    14189   -61603 
  -45619    -7112   -44373    95795    61587    -3420 
  -51114    51586    29062   -77914    52857    -9346 
   -7202    74774   -50190   -91243    70859    54768 
  -64789    39169    -3588     6919   -38278   -78856 
   12202   -13120    97294    72726   -33821   -58592 
       0        0        0        0        0        0 
     230   -12525   -64544    -2674   -34209   -88414 
  -84432     8851   -70191   -22755   -60829   -96508 
  -91045   -78971    16736    57934    -3752     4408 
   54105    30333   -65277   -42463    30433    21475 
  -55373    15721   -12810    74325    81464    61427 
   -7212    31519    -6173    11964    59361    81296 
  -77397    23403    91425    24806    -5461    63000 
  -52757   -38480   -23325    48774   -35620   -74206 
  -32572   -34775   -44821    49275    39830   -46401 
  -17556    94405   -28087    73994    27434    31417 
  -45085   -97650    76836    38851    74379    17693 
    6050    57771    55998    -9840   -91731    45629 
    -910        0        0        0        0        0 
  -94355   -33366    48449     5253   -61327    90591 
   91112   -80276    19421    -1044   -97642   -87703 
  -95691    59900   -34493    39945   -41504   -83341 
  -54447   -99839     7850    86643   -36225    80806 
   13945    97469    57017    97933   -15420   -56482 
  -96066    95113    86091    43875    83401    72665 
   50496   -90214    58932   -42367    69222   -17169 
   57713   -11651    89287   -23046   -97265    39275 
   29317   -40247    59568    -3971   -21277   -96786 
   97910    85790    11694   -26076   -18062    58892 
   38565   -25407   -32801   -51891    80537    74838 
  -54107    66523   -89346    71945   -18815    70741 
  -60695    32621    83600    18812   -89804    90701 
   41606    84725   -83787    78602   -54724    29630 
   -8434    47679    59310     6816   -64293   -31468 
   47303    86411    27203    76066   -52409     7306 
   53058    74090    47385        0        0        0 
  -83359    50019   -94731    95546   -64471   -11846 
   75422   -93189   -65055   -80379   -19107    42247 
   74541    55015   -59039    -9849   -58786    -6403 
  -74060    28256    16611   -62911    44367    36216 
  -89299    60240   -87416    -7602   -45643    -7201 
   82462   -79786        0        0        0        0
  -95829    45839   -90283    82322    31354    20692 
   61402   -13431     7263    44432    54034    30975 
  -10408   -63694    97820   -85057    36445    66549 
  -45655   -39014    24138    95779     4352   -25289 
   62546     1341    93940    12942    90762    68303 
   11602   -14935      608    -7479   -63059   -23272 
  -38903    -5441   -60965   -71223    16805   -56444 
   21233   -31446   -62375   -33281    69462    54729 
   62404   -16334    41406   -45365    75010   -39917 
   97889    92191   -16408   -41792    34373    82340 
   -5691    -3430   -96541        0        0        0 
   33868    74787    62340    77558   -58548    91276 
       0        0        0        0        0        0 
  -60151    47807    75693    91348   -76454    34792 
   29895   -15376   -98451   -96103   -88777    18649 
  -69048     5194   -35555    17525    55537     8928 
   62956    73496   -15467    94557   -53343   -50157 
  -65642     1334    -4018    98560    69898   -34434 
   61507    17511    33644   -80979   -75772    52363 
   79116    36602        0        0        0        0 
   70981   -75514    44638    62685    94612   -55894 
    -750        0        0        0        0        0 
